0: 0 0 0 (0)
1: 232 239 245 (42)
2: 236 245 249 (24)
3: 196 206 212 (231)
4: 194 203 210 (790)
5: 190 199 207 (1103)
6: 191 200 208 (1235)
7: 191 200 208 (1367)
8: 191 200 207 (1467)
9: 191 199 207 (1599)
10: 190 199 206 (1624)
11: 192 200 208 (1546)
12: 190 199 207 (1552)
13: 190 199 207 (1556)
14: 190 200 207 (1527)
15: 191 200 207 (1578)
16: 191 200 207 (1612)
17: 192 201 208 (1687)
18: 194 203 210 (1572)
19: 196 204 211 (1463)
20: 197 206 213 (1385)
21: 196 204 211 (1516)
22: 196 204 210 (1671)
23: 195 203 209 (1891)
24: 194 202 208 (2080)
25: 193 201 207 (2301)
26: 193 201 207 (2429)
27: 193 201 207 (2575)
28: 193 200 207 (2660)
29: 192 200 206 (2744)
30: 191 199 205 (2863)
31: 191 198 204 (2942)
32: 190 198 204 (3069)
33: 190 198 204 (3465)
34: 191 198 205 (3803)
35: 247 245 247 (35455)
36: 247 245 247 (35455)
37: 247 245 247 (35455)
38: 247 245 247 (35455)
39: 188 197 203 (5259)
40: 188 197 203 (5362)
41: 189 197 203 (5539)
42: 247 245 247 (35455)
43: 247 245 247 (35455)
44: 247 245 247 (35455)
45: 247 245 247 (35455)
46: 188 196 203 (3297)
47: 188 197 203 (3352)
48: 188 197 203 (3424)
49: 247 245 247 (35455)
50: 247 245 247 (35455)
51: 247 245 247 (35455)
52: 248 246 248 (36202)
53: 186 197 204 (2871)
54: 186 197 204 (2891)
55: 187 198 204 (3025)
56: 186 196 203 (3177)
57: 185 195 202 (2768)
58: 184 194 200 (2861)
59: 183 193 199 (2928)
60: 185 193 200 (3682)
61: 186 194 201 (4185)
62: 188 195 202 (4387)
63: 188 195 202 (4681)
64: 188 196 202 (4897)
65: 189 196 202 (4894)
66: 189 196 202 (5017)
67: 189 196 203 (5123)
68: 189 196 203 (5213)
69: 247 245 247 (35455)
70: 247 245 247 (35455)
71: 247 245 247 (35455)
72: 247 245 247 (35455)
73: 247 245 247 (35455)
74: 247 245 247 (35455)
75: 247 245 247 (35455)
76: 247 245 247 (35455)
77: 247 245 247 (35455)
78: 247 245 247 (35455)
79: 248 246 248 (35639)
80: 248 246 248 (36544)
81: 248 246 248 (36526)
82: 187 198 206 (154)
83: 188 197 204 (157)
84: 190 198 202 (412)
85: 191 196 202 (569)
86: 248 246 248 (35601)
87: 248 246 248 (36544)
88: 248 246 248 (36544)
89: 248 246 248 (36544)
90: 248 246 248 (36544)
91: 248 246 248 (36544)
92: 248 246 248 (36544)
93: 248 246 248 (36544)
94: 248 246 248 (36544)
95: 248 246 248 (36544)
96: 249 246 248 (36548)
97: 248 246 248 (36544)
98: 248 246 248 (36544)
99: 124 135 145 (4078)
100: 127 136 146 (4841)
101: 126 135 145 (5043)
102: 248 246 248 (36543)
103: 248 246 248 (36544)
104: 248 246 248 (36544)
105: 248 246 248 (36544)
106: 248 246 248 (36544)
107: 248 246 248 (36544)
108: 248 246 248 (36545)
109: 249 247 249 (38017)
110: 249 247 249 (38017)
111: 249 247 249 (37850)
112: 248 246 248 (36544)
113: 248 246 248 (36544)
114: 248 246 248 (36544)
115: 222 224 231 (20632)
116: 193 200 206 (2309)
117: 194 201 207 (2536)
118: 197 202 208 (2840)
119: 198 203 210 (2953)
120: 199 204 210 (3134)
121: 200 205 211 (3121)
122: 201 206 212 (3226)
123: 201 207 212 (3298)
124: 202 207 213 (3420)
125: 202 207 213 (3799)
126: 203 208 214 (4123)
127: 205 209 215 (4535)
128: 207 210 216 (4992)
129: 209 213 218 (5576)
130: 211 214 220 (6076)
131: 212 216 221 (6513)
132: 246 244 246 (34552)
133: 247 245 247 (35094)
134: 246 244 246 (34552)
135: 247 245 247 (35455)
136: 207 210 215 (5167)
137: 208 211 216 (5515)
138: 210 213 218 (5837)
139: 247 245 247 (35455)
140: 247 245 247 (35455)
141: 247 245 247 (35455)
142: 247 245 247 (35455)
143: 206 211 215 (5848)
144: 207 212 216 (5971)
145: 207 212 216 (6171)
146: 247 245 247 (35455)
147: 247 245 247 (35455)
148: 248 246 248 (36544)
149: 248 246 248 (36544)
150: 205 211 215 (6045)
151: 206 212 216 (5924)
152: 207 213 217 (6058)
153: 208 213 218 (6319)
154: 208 214 218 (6617)
155: 209 214 219 (6877)
156: 210 215 219 (7193)
157: 210 215 220 (7543)
158: 211 216 221 (7548)
159: 211 217 221 (7880)
160: 212 217 222 (7863)
161: 212 217 222 (8142)
162: 212 216 222 (8488)
163: 212 216 221 (8867)
164: 210 215 220 (9559)
165: 210 214 219 (10333)
166: 209 214 219 (10761)
167: 208 213 218 (11423)
168: 208 212 218 (11912)
169: 207 212 217 (12216)
170: 207 211 217 (12292)
171: 207 211 217 (12331)
172: 206 211 217 (12433)
173: 207 211 217 (12237)
174: 206 211 217 (12307)
175: 206 211 217 (12072)
176: 206 211 217 (12107)
177: 206 211 217 (12305)
178: 206 211 217 (12340)
179: 206 211 217 (12289)
180: 206 211 217 (12414)
181: 205 211 217 (12585)
182: 206 212 217 (12307)
183: 206 211 217 (12445)
184: 206 211 217 (12147)
185: 207 212 218 (11798)
186: 206 211 217 (12111)
187: 205 210 216 (12429)
188: 206 211 217 (12002)
189: 205 211 216 (12306)
190: 205 211 216 (12429)
191: 205 211 216 (12794)
192: 206 211 217 (12983)
193: 205 210 215 (13594)
194: 204 209 214 (13879)
195: 247 245 247 (34736)
196: 247 245 247 (35455)
197: 247 245 247 (35455)
198: 247 245 247 (35455)
199: 238 239 241 (30787)
200: 174 180 185 (9332)
201: 171 177 182 (9509)
202: 170 176 181 (10208)
203: 247 245 247 (35455)
204: 247 245 247 (35455)
205: 247 245 247 (35455)
206: 247 245 247 (35460)
207: 134 140 145 (7214)
208: 129 136 140 (7369)
209: 126 133 137 (7280)
210: 247 245 247 (35455)
211: 247 245 247 (35455)
212: 248 246 248 (36539)
213: 248 246 248 (36407)
214: 124 131 136 (7048)
215: 125 132 136 (7194)
216: 127 134 138 (7413)
217: 128 135 139 (7539)
218: 127 133 137 (7356)
219: 122 127 132 (7096)
220: 118 123 127 (7043)
221: 117 120 124 (6910)
222: 122 125 129 (7292)
223: 123 126 131 (7491)
224: 124 127 131 (7485)
225: 125 129 133 (7780)
226: 130 134 139 (8405)
227: 132 136 141 (8524)
228: 129 132 137 (8538)
229: 128 132 137 (8330)
230: 247 245 247 (35455)
231: 247 245 247 (35455)
232: 247 245 247 (35455)
233: 247 245 247 (35460)
234: 248 246 248 (35460)
235: 247 245 247 (35455)
236: 247 245 247 (35455)
237: 247 245 247 (35455)
238: 247 245 247 (35455)
239: 247 245 247 (35455)
240: 247 245 247 (35455)
241: 248 246 248 (36544)
242: 248 246 248 (36527)
243: 98 104 107 (5871)
244: 102 107 111 (6794)
245: 101 106 111 (7359)
246: 247 245 247 (35353)
247: 248 246 248 (36084)
248: 248 246 248 (36544)
249: 248 246 248 (36544)
250: 248 246 248 (36544)
251: 248 246 248 (36544)
252: 248 246 248 (36544)
253: 248 246 248 (36544)
254: 248 246 248 (36544)
255: 248 246 248 (36544)
256: 248 246 248 (36544)
257: 248 246 248 (36544)
258: 248 246 248 (36544)
259: 238 237 240 (30469)
260: 83 91 97 (8306)
261: 85 92 98 (8819)
262: 89 96 101 (9477)
263: 249 246 248 (36559)
264: 249 247 249 (38017)
265: 248 246 248 (36544)
266: 248 246 248 (36544)
267: 249 247 249 (38017)
268: 249 247 249 (38017)
269: 248 246 248 (36544)
270: 249 247 249 (37944)
271: 249 247 249 (36592)
272: 248 246 248 (36544)
273: 248 246 248 (36544)
274: 249 247 249 (38017)
275: 248 246 248 (36558)
276: 81 85 88 (6473)
277: 87 92 95 (6747)
278: 93 98 101 (7250)
279: 95 99 103 (7627)
280: 98 102 106 (7919)
281: 102 106 110 (8198)
282: 103 107 111 (8259)
283: 106 110 114 (8338)
284: 104 108 112 (7897)
285: 102 104 109 (7124)
286: 100 102 106 (6532)
287: 100 102 106 (6249)
288: 98 99 102 (5996)
289: 99 100 104 (6046)
290: 102 102 106 (5767)
291: 103 104 108 (5666)
292: 104 104 108 (5742)
293: 247 245 247 (34733)
294: 247 245 247 (34597)
295: 247 245 247 (35455)
296: 247 245 247 (35403)
297: 100 101 104 (5722)
298: 99 100 103 (5822)
299: 97 99 102 (5997)
300: 247 245 247 (35455)
301: 247 245 247 (35455)
302: 247 245 247 (35455)
303: 247 245 247 (35455)
304: 91 95 98 (6136)
305: 91 95 98 (6248)
306: 90 94 97 (6254)
307: 247 245 247 (35455)
308: 247 245 247 (35455)
309: 247 245 247 (35455)
310: 247 245 247 (35485)
311: 91 95 98 (6114)
312: 94 98 100 (5886)
313: 96 100 102 (5820)
314: 99 102 105 (5697)
315: 101 104 107 (5560)
316: 104 107 110 (5530)
317: 107 110 113 (5453)
318: 111 113 116 (5530)
319: 116 118 121 (5439)
320: 122 124 128 (5450)
321: 127 129 133 (5519)
322: 132 134 138 (5673)
323: 137 140 144 (5535)
324: 142 146 150 (5545)
325: 151 155 159 (5147)
326: 158 163 168 (4776)
327: 167 172 177 (4465)
328: 171 177 182 (4430)
329: 170 176 181 (4390)
330: 168 174 179 (4505)
